504.48
526.42
532.5
529.87
503.37
499.51
499.61
499.5
504.44
512.15
518.73
525.3
513.68
515.93
516.2
516.26
536.49
538.22
552.96
547.93
547.05
549.93
474.63
465.69
461.53
455.23
441.31
437.39
447.17
446.74
447.94
450.16
446.48
445.8
444.68
441
430.57
431.18
422.63
419.58
405.92
408.5
412.71
417.28
426.93
429.99
436.36
437.32
437.28
435.38
438.6
442.84
441.68
446
437.45
438.6
440.23
437.63
435.4
433.07
451.1
458.82
462.76
459.22
460.16
464.11
456.99
454.69
444.32
444.42
443.41
441.5
437.19
438.56
440.72
446.03
451.24
444.78
449.4
435.08
433.66
438.6
377.84
394.74
399.34
391.37
387.89
389.61
387.26
394.47
403.64
397.81
396.15
385.71
383.53
383.2
385.78
367.25
349.07
340.7
340
364.64
350.05
352.47
350.91
350.38
344.19
348.8
343.22
349.91
351.96
360.91
367.72
368.62
370.98
374.98
374.63
380.87
381.06
382.98
384.97
383.99
383.28
395.94
397.4
399.47
404.69
417.13
420.68
417.61
414.03
414.33
407.69
413.1
412.23
413.36
415.09
403.4
412.49
413.91
415.2
416.92
416.26
416.06
412.84
413.68
391.68
401.73
382.68
378.04
376.92
380.12
382.34
387.55
384.95
385.83
386.88
392.1
378.47
379.31
376.93
382.24
373.38
371.43
363.35
366.99
364.18
361.77
366.45
365.79
367.68
372.87
372.46
371.69
370.74
369.47
370.7
364
357.69
347.8
338.85
338.74
345.62
338.27
341.05
333.65
338.43
351.07
348.58
354.85
357.24
361.03
353.43
353.43
362.09
363.21
354.91
356.35
353.96
356.7
345.63
348.5
344.31
348.97
358.66
354.06
350.16
350.55
349.36
347.1
352.73
362.07
367.46
365.9
364.08
361.78
353.27
354.16
360.37
359.42
352.75
343.72
351.48
346.74
350.14
348.31
348.77
347.47
337.51
339.32
335.94
330.63
329.23
333.26
343.4
357.55
354.09
354.12
353.52
357.8
359.91
337.86
339.24
340.31
337.47
335.35
335.53
327.35
326.95
