206.84
208.91
214.10
211.48
202.61
201.70
204.61
202.88
198.38
197.12
201.45
207.86
205.74
207.89
210.71
213.44
218.16
220.55
227.03
226.09
225.04
230.26
228.97
227.46
232.93
231.15
220.52
223.29
224.92
225.06
229.05
227.05
223.75
221.30
219.39
220.22
224.19
227.61
222.11
222.13
218.94
218.46
217.76
223.35
220.66
225.94
230.71
235.01
235.42
234.85
235.42
238.15
237.07
234.64
237.68
237.42
242.06
236.17
238.83
229.15
233.14
232.76
228.93
230.37
228.68
226.65
226.63
222.88
216.58
212.71
212.80
214.35
208.74
212.28
205.02
203.80
208.36
200.70
199.25
194.54
196.59
198.89
193.89
197.95
195.74
192.82
195.54
194.95
196.21
203.26
205.71
201.13
201.36
192.72
190.26
192.17
196.01
178.41
171.00
175.26
170.66
191.10
181.22
184.87
182.12
179.59
174.33
172.61
167.32
173.18
180.60
186.54
188.99
187.70
187.39
184.42
190.20
189.98
186.35
185.01
188.71
192.08
193.06
208.64
211.37
210.25
205.17
205.59
206.16
204.07
201.12
203.10
200.99
206.02
204.72
205.70
205.01
206.65
205.71
207.23
207.91
213.57
216.98
217.61
213.20
213.24
212.10
216.10
214.82
212.52
209.69
208.47
212.77
211.99
217.12
223.30
219.39
220.46
219.92
223.41
223.47
219.36
222.54
222.26
225.02
225.69
226.35
223.19
223.88
226.13
229.30
227.47
228.29
232.23
231.44
232.79
231.01
230.19
234.11
214.75
211.65
213.75
222.31
223.13
222.69
221.30
221.47
224.56
230.98
231.03
231.49
228.01
223.81
221.95
228.84
227.94
228.71
229.12
231.60
229.00
225.34
225.99
235.68
232.33
235.84
238.24
230.33
229.95
228.15
231.43
234.05
231.62
231.23
231.48
227.63
220.71
220.21
218.15
219.78
222.17
219.57
220.63
222.41
219.51
220.90
221.78
225.22
227.74
216.37
220.07
216.39
215.57
214.47
213.04
216.48
222.03
217.95
221.09
224.21
226.97
229.25
230.30
222.86
244.22
254.00
249.32
250.20
243.04
244.41
