58.63
58.71
59.18
57.92
57.46
57.31
57.01
57.50
57.56
58.55
58.74
59.59
59.29
59.21
59.43
59.48
59.62
60.02
59.89
58.95
58.72
58.59
58.85
58.62
58.35
58.52
57.53
57.63
58.52
58.98
59.85
59.98
59.61
59.19
59.20
59.10
58.86
58.77
58.93
59.20
58.74
58.76
59.33
59.98
59.82
60.23
61.03
61.63
62.23
62.23
59.08
59.43
59.55
60.47
60.60
61.04
61.34
62.57
62.27
62.27
62.81
62.43
62.53
63.84
64.87
64.59
64.84
64.67
63.98
63.24
64.27
64.08
63.81
64.11
63.48
63.26
63.96
63.41
63.94
62.06
60.67
60.46
59.67
60.50
60.89
60.30
61.12
60.62
60.30
60.97
60.99
61.80
61.40
60.86
61.71
61.80
61.82
57.31
54.54
54.41
53.19
58.13
56.59
57.33
57.41
57.20
55.76
55.76
54.37
55.04
55.63
56.29
56.71
56.84
57.34
57.73
58.12
59.33
59.32
59.22
59.57
59.71
59.77
61.67
61.78
61.29
64.26
63.62
63.92
63.42
63.20
63.36
63.11
63.75
63.34
63.05
63.04
63.85
64.36
64.39
64.62
66.06
65.90
65.15
64.19
65.10
64.09
65.51
65.33
65.84
66.32
67.38
67.89
68.19
68.95
68.65
69.38
69.10
68.59
69.37
68.93
68.59
69.27
68.76
67.95
67.82
67.18
67.37
68.30
68.05
68.34
68.16
68.62
68.29
68.69
67.92
67.96
68.28
68.08
67.11
68.49
67.52
69.21
69.90
71.79
70.67
71.38
70.40
69.30
66.20
66.95
66.76
67.11
67.02
67.32
67.14
68.39
68.44
69.43
69.09
67.80
67.67
67.99
66.90
66.88
67.34
68.13
67.69
66.53
67.02
66.93
67.72
68.68
68.21
67.75
67.54
67.32
67.85
67.22
67.72
68.42
68.75
68.31
67.92
68.91
68.99
70.33
69.96
67.94
67.46
68.66
69.52
69.09
70.13
70.65
70.72
70.66
70.27
70.63
71.39
72.62
71.33
72.91
73.11
74.45
72.32
72.10
71.04
71.07
