156.50
155.29
158.72
161.80
161.42
160.76
159.60
161.33
161.63
162.36
160.36
162.53
162.11
161.93
162.21
161.92
158.32
159.33
155.24
157.08
157.00
156.21
154.71
153.87
149.36
148.11
144.08
141.15
142.85
142.97
143.84
143.98
144.00
143.07
144.84
146.71
147.85
147.26
149.59
150.30
153.14
155.35
156.90
158.33
159.38
161.47
158.24
156.41
156.01
155.65
157.23
156.21
155.69
156.32
149.19
149.34
153.22
152.99
151.90
152.62
155.77
157.44
154.90
155.88
155.34
156.16
157.23
158.79
156.92
157.89
156.42
155.14
156.67
158.62
153.09
152.00
150.81
152.95
156.34
157.57
154.08
152.67
153.61
157.02
158.72
160.81
164.05
164.77
164.75
165.02
165.94
167.97
166.65
166.09
167.29
168.51
166.47
156.12
143.28
140.15
136.93
146.03
134.98
135.63
135.32
134.54
135.36
137.87
133.73
137.30
136.68
139.07
138.73
140.10
139.30
136.06
136.26
138.50
135.50
135.60
135.79
137.04
138.49
141.62
142.35
141.67
142.26
142.10
138.49
137.27
135.56
135.29
136.54
137.83
136.02
137.91
136.70
137.84
139.55
137.37
136.90
140.21
140.76
143.35
144.78
144.97
145.91
146.03
148.85
148.19
149.55
146.86
143.55
143.23
144.44
143.79
143.19
145.57
147.98
148.37
147.40
153.24
153.02
154.17
155.31
151.65
150.69
149.92
151.38
150.04
149.68
150.04
153.12
155.83
154.84
156.28
157.03
153.56
151.64
151.40
151.04
153.04
152.78
153.16
155.01
153.45
154.44
155.87
155.16
156.55
155.32
152.00
153.22
155.55
158.18
158.20
157.36
159.24
159.32
160.60
161.83
158.06
157.69
153.66
154.00
154.85
157.79
158.25
157.11
157.31
159.54
160.09
158.84
156.21
156.05
157.42
159.18
160.72
160.16
156.10
155.29
154.58
153.37
153.55
154.02
154.91
153.74
151.64
148.90
151.94
152.39
152.11
151.71
153.08
154.48
153.79
155.57
156.56
155.56
155.28
154.13
155.10
153.52
157.72
154.04
153.39
152.66
152.94
155.02
