239.29
239.56
241.16
241.87
245.31
245.03
243.09
240.78
244.76
248.55
250.29
249.97
249.79
249.72
246.25
244.82
243.40
245.48
247.36
243.81
242.86
243.53
241.53
239.94
239.58
238.36
230.37
232.96
237.60
238.39
242.31
243.14
241.17
239.32
239.71
240.00
243.28
240.85
243.17
243.13
239.87
244.21
247.47
252.35
254.27
259.16
263.03
262.84
265.95
264.84
265.85
267.14
266.58
268.23
267.30
266.81
267.94
270.43
276.90
275.80
271.04
274.99
275.45
276.32
276.59
279.95
279.25
266.80
264.24
261.34
257.40
258.79
259.05
264.65
260.62
250.25
251.53
246.54
242.28
232.22
229.14
227.90
225.19
232.44
233.93
234.97
239.11
239.01
241.63
248.06
251.13
251.03
248.12
242.85
245.30
243.66
245.82
228.69
210.28
214.44
216.87
234.34
227.11
236.20
234.72
233.13
229.61
231.96
228.99
235.59
240.88
244.64
243.55
243.22
244.62
244.62
246.89
252.51
252.56
249.25
249.39
253.47
253.08
260.05
263.01
265.64
267.49
267.56
264.88
265.68
261.04
260.67
260.71
265.29
263.49
264.37
264.00
264.66
266.27
264.22
261.95
265.73
266.74
268.60
268.15
268.24
264.95
270.36
269.52
273.96
275.00
278.27
281.26
284.06
288.75
287.11
289.91
290.41
292.00
296.00
291.97
282.78
283.16
288.19
286.86
288.70
286.55
285.82
289.90
291.27
290.97
291.43
296.76
296.55
298.62
298.28
297.04
299.63
296.24
289.37
294.26
291.37
291.35
286.94
288.76
289.56
292.85
290.53
294.16
290.49
291.53
290.66
292.24
291.47
296.24
294.90
298.57
299.28
301.07
301.42
299.70
299.51
303.82
294.38
292.91
297.85
300.54
305.56
306.91
308.90
309.19
311.75
313.23
314.78
312.44
312.74
313.42
313.45
316.06
315.69
315.43
310.71
307.55
310.03
309.18
307.69
304.03
305.53
300.89
307.97
302.08
305.69
298.54
297.56
302.36
297.09
294.11
294.54
300.44
304.15
305.36
305.51
309.44
311.12
309.35
309.25
311.68
313.42
314.21
